POLYGON ((-31.212547399644073 39.52216704822635, -31.212547399644073 39.52216704822635, 
   -31.212547399644073 39.52216704822635, -31.213639579489442 39.52088644382212, 
   -31.216585660650953 39.521341632689705, -31.217612466007775 39.52087987061199, 
   -31.225149271954933 39.521337586399476, -31.23410631516439 39.5214740332569, 
   -31.235147134576067 39.52220611695295, -31.23555605374734 39.521734810617964, 
   -31.237255600947368 39.52261202071424, -31.2390017214937 39.52164742242308, 
   -31.23948428760654 39.520014962567735, -31.239483053700233 39.51830759937258, 
   -31.237879301284977 39.51715257254751, -31.23601193598815 39.51593045479807, 
   -31.234532807433247 39.51508360457343, -31.233941888575792 39.51401598281155, 
   -31.233926984910013 39.51285350034272, -31.23444526380558 39.511563972378774, 
   -31.234872174671274 39.51040820024071, -31.236525033459635 39.50961340411675, 
   -31.238402288636788 39.508682334331255, -31.238609007793713 39.50749167566457, 
   -31.240337636857934 39.50717548918918, -31.242061361093715 39.50884134807654, 
   -31.244682962965776 39.509872043358726, -31.246033594592074 39.50883378764741, 
   -31.246127023217202 39.50685305129813, -31.244754624491694 39.5052916653395, 
   -31.241081874400304 39.50568212569119, -31.240344936148464 39.50515741511084, 
   -31.241790893006584 39.50206642602608, -31.243252642831663 39.50007484650808, 
   -31.24653697778757 39.49933608491532, -31.24919084581378 39.499069757766385, 
   -31.249737088486135 39.496649850587055, -31.249095707338814 39.49585183570982, 
   -31.249152068690236 39.49534363235673, -31.251155017155813 39.494653002735056, 
   -31.253736949372097 39.49376831770804, -31.25556574385722 39.49297588710859, 
   -31.25715823208814 39.49279705494015, -31.257249559220792 39.4909153784361, 
   -31.25758901241577 39.48969063075975, -31.258439352112646 39.48744642041739, 
   -31.258730245925126 39.484612691842706, -31.258750578440758 39.48204970777258, 
   -31.25962306595665 39.47888231153437, -31.25946169201115 39.47652383005944, 
   -31.25831210795811 39.47486682683683, -31.259332041792973 39.47286390412084, 
   -31.258794807945574 39.47141879302464, -31.258885143637414 39.469573132856056, 
   -31.258462153530612 39.468850516413525, -31.259675499483393 39.46794517900068, 
   -31.258696740686542 39.46649345641427, -31.258333453452217 39.46515456036543, 
   -31.258365790857848 39.46385762955425, -31.259162036790382 39.46199100503842, 
   -31.26027549598515 39.45978224255959, -31.261300150861683 39.45938762277726, 
   -31.262023225674035 39.460457089758506, -31.26307947176821 39.46054495291171, 
   -31.26464838205843 39.461284663056276, -31.265864868584405 39.460244157667965, 
   -31.26788863707593 39.458666068153875, -31.2668978199166 39.457727793835836, 
   -31.266935909809746 39.45619218275051, -31.266373158892986 39.45577384510187, 
   -31.26754187867433 39.45486775590348, -31.269500695023503 39.454144603862865, 
   -31.270744953660657 39.45197372116021, -31.269805335036697 39.450729897327506, 
   -31.26959291593346 39.45042040105279, -31.267888660089962 39.44799840294124, 
   -31.265818923063975 39.44789997826569, -31.264616846910695 39.44658462406198, 
   -31.26404222003817 39.44486417311242, -31.263517722696946 39.4429102112564, 
   -31.262728384585305 39.44094778518105, -31.261690126011093 39.440148410266524, 
   -31.261171727949662 39.436171812642, -31.261484106561994 39.43248694010898, 
   -31.263156049807122 39.430836086635104, -31.265368898444027 39.42871575389902, 
   -31.265238153357124 39.425087323842064, -31.264340681742716 39.423947696329755, 
   -31.264621538155684 39.42152372161025, -31.26552462030005 39.420649719297664, 
   -31.26377353254593 39.42017760001217, -31.265290925647207 39.419416382689626, 
   -31.264533314181126 39.41796800073007, -31.264179404847322 39.41625534283522, 
   -31.260836099173307 39.415998166758094, -31.25980169449296 39.41505917887863, 
   -31.26024461633812 39.413187241134395, -31.25936361412411 39.41139460311632, 
   -31.25844769310947 39.411006980490114, -31.259069640538023 39.40902960782909, 
   -31.25628542318168 39.40758685814601, -31.254706845364918 39.40725684384998, 
   -31.254171846555792 39.40574416011482, -31.253566211513782 39.40351412533558, 
   -31.255832075058322 39.40279579857617, -31.25842166634446 39.40143356102486, 
   -31.259338215190972 39.4000101992666, -31.262064928398836 39.4002221623045, 
   -31.260096214780674 39.39786816920291, -31.25960541889076 39.39635616913608, 
   -31.263216114462267 39.39644617882391, -31.263814574636616 39.39364851977764, 
   -31.260811991037045 39.39213504474131, -31.260325523492885 39.39042038773453, 
   -31.25841945165521 39.3909009261126, -31.259075937089435 39.389306985245874, 
   -31.258569126625567 39.38663245778462, -31.25627139227809 39.38690437419823, 
   -31.25506287634424 39.38589515879928, -31.256007269158786 39.38512545706008, 
   -31.257822903001678 39.38477424646236, -31.25972036130485 39.3828519963971, 
   -31.25749153354821 39.38213838015648, -31.255716832557923 39.38087742031177, 
   -31.253765737385955 39.38139775437324, -31.25262467526129 39.38120943087504, 
   -31.25158660957378 39.38044150319754, -31.251747613328213 39.37928164057861, 
   -31.250571617595767 39.37875039437361, -31.250997371858514 39.37759451375031, 
   -31.25294916485824 39.377042700890144, -31.25246051141664 39.375427085695975, 
   -31.249531235378335 39.374563139829974, -31.246141346549802 39.374480547247735, 
   -31.245495771048706 39.375633095053, -31.24392315548221 39.37509579959394, 
   -31.241945798690992 39.37493078450538, -31.240422670902355 39.374186961234635, 
   -31.239053409214737 39.374337431183974, -31.237141309604088 39.37328133872471, 
   -31.23188421832417 39.370399466399334, -31.227476117535623 39.3705396144414, 
   -31.22386520414913 39.372259496228246, -31.220374867243073 39.37439556497454, 
   -31.215528106534485 39.37445646700616, -31.210364518508783 39.37311575712879, 
   -31.20864612796447 39.37315688310585, -31.20609783137841 39.37291038675573, 
   -31.202900176517073 39.37221231977846, -31.199995890266425 39.37209984362714, 
   -31.19869502441813 39.37300322281062, -31.197273597872062 39.37345872889936, 
   -31.19522476359959 39.37263859494223, -31.190521530795277 39.3722591968738, 
   -31.18631616276663 39.37308118220683, -31.18293967106349 39.37419527085807, 
   -31.18133569415401 39.37488649123328, -31.17904699923339 39.374814648084055, 
   -31.175547540868056 39.373872343822995, -31.172340980486943 39.37522304450141, 
   -31.170237843993814 39.37649190848341, -31.16687096238572 39.37722275851844, 
   -31.164492322243834 39.37889261864358, -31.165513226944473 39.380278221621836, 
   -31.167131543217987 39.38071368063583, -31.168497402430425 39.38070365948845, 
   -31.16731811125581 39.38201403964291, -31.16474183343688 39.382829357406685, 
   -31.160748125037948 39.38392854869386, -31.159070710125185 39.3857129921662, 
   -31.158131628905146 39.387923556614645, -31.157834426983925 39.38918022740101, 
   -31.158858062506095 39.39046231691059, -31.158991129287976 39.39210871808064, 
   -31.158028547039155 39.39352604174682, -31.15639946448173 39.39514452530723, 
   -31.154282024473694 39.39692191807929, -31.15231636179326 39.39794936231498, 
   -31.1516175237428 39.39937532441643, -31.15028483836611 39.401439909484985, 
   -31.149426625253597 39.40392197479626, -31.148128155290582 39.40636098378872, 
   -31.14713427350556 39.40894448155581, -31.147744639876084 39.41086878628043, 
   -31.148300158502707 39.41316612067776, -31.148928696367747 39.414405963550216, 
   -31.147276229178214 39.41523557978246, -31.147391965404903 39.41585459415977, 
   -31.148834634901057 39.416287512817625, -31.149885628143227 39.416542997156924, 
   -31.15008549257157 39.419005849168066, -31.149043573676582 39.42005242499425, 
   -31.14986484826706 39.42067815936128, -31.148334429713984 39.421883636434266, 
   -31.14800155571696 39.422801838234186, -31.145761928291464 39.42413563499318, 
   -31.142520050617453 39.425038933282174, -31.139756484697646 39.42455327873052, 
   -31.136504795549182 39.4241588450637, -31.1357819727423 39.42482749701046, 
   -31.13637426941691 39.42576049166569, -31.138428458667093 39.42641056328675, 
   -31.138173302209633 39.42770388445593, -31.139751606351222 39.42803998069971, 
   -31.13951647212313 39.42858130968604, -31.1387907538785 39.429358050587396, 
   -31.140215326890686 39.43050706358519, -31.14179393608133 39.43080709832926, 
   -31.139744923865255 39.43159422512802, -31.141650708012612 39.43289056926512, 
   -31.142583451532975 39.43263067446973, -31.144004678434992 39.433883200222375, 
   -31.143468040364457 39.43582524638244, -31.141925325668424 39.43747641932097, 
   -31.140481390743563 39.43871470201498, -31.13835032305689 39.4409375436679, 
   -31.13769598120063 39.44232808049707, -31.13563925669651 39.443389804054895, 
   -31.13557191879626 39.44428068846593, -31.13313243788552 39.444822673545566, 
   -31.130452233663682 39.446108544343076, -31.128591839828985 39.44642098524165, 
   -31.12720166366571 39.44729056442301, -31.126402109999308 39.44915621029666, 
   -31.124590497147125 39.44929818758392, -31.12307318163091 39.4515982102326, 
   -31.12191213435209 39.4538003553818, -31.122771673409087 39.45627839275962, 
   -31.12321471927389 39.45782170082905, -31.123967952032352 39.459338478794464, 
   -31.125843647947246 39.46012104152058, -31.1250736878164 39.46250070327364, 
   -31.124899344173013 39.46407008430351, -31.1265470539853 39.46512375458183, 
   -31.12773543548737 39.465210472043054, -31.129072779140422 39.46632668077155, 
   -31.130424210396665 39.465289781898974, -31.13146167892199 39.46441900547141, 
   -31.132492861230237 39.46378237089704, -31.13329016216094 39.463660030115214, 
   -31.13437875809052 39.46419105784848, -31.135616961471666 39.46407127079449, 
   -31.136618399453013 39.466209113146896, -31.137243564650042 39.46758410272416, 
   -31.136224352142435 39.467608310889744, -31.13516808341034 39.468204031961406, 
   -31.135203190810607 39.468929876305495, -31.135458939575305 39.4696097062256, 
   -31.137195002901958 39.469214081457075, -31.138273224849524 39.46883042171484, 
   -31.139083171208014 39.47030746707982, -31.137750086063487 39.470984371912415, 
   -31.137365284822632 39.47206387618386, -31.139215021425766 39.47255749880987, 
   -31.140458513860846 39.47317203686759, -31.14123658384525 39.47273850001543, 
   -31.1418109683492 39.47378830348141, -31.143888369691545 39.473947627105275, 
   -31.14463377168738 39.47477039980101, -31.144244624490376 39.47601653702887, 
   -31.146326642171818 39.47600470683941, -31.147961031885615 39.47635060174821, 
   -31.14752402265199 39.47732119152574, -31.146766715245263 39.47798484852392, 
   -31.147130488785795 39.47873394779776, -31.14768829035304 39.479400545655416, 
   -31.14718781779126 39.48070798597903, -31.146946469267217 39.48153303112044, 
   -31.147677408459245 39.48186452513172, -31.147572267811178 39.48273228546732, 
   -31.14503238736929 39.48451624523695, -31.14508957717375 39.48545416573225, 
   -31.14710364133586 39.4859322676042, -31.147998314570504 39.48628438896878, 
   -31.148412679422478 39.487182949649686, -31.149215140716393 39.487916504729455, 
   -31.14738809667797 39.48863069891901, -31.146115562092906 39.48909693322379, 
   -31.14761235542985 39.49050378306416, -31.148872006400634 39.49052385052442, 
   -31.149510907283748 39.49019165547083, -31.150150907824717 39.49085954977537, 
   -31.151428509892863 39.491244767641604, -31.151856485865604 39.49058936103997, 
   -31.1527493852461 39.48996837135062, -31.15372862196483 39.49025872497862, 
   -31.153566542136264 39.49119315834745, -31.154112708800906 39.49230552012391, 
   -31.153756099068453 39.49334047543992, -31.153156786938247 39.49426345712136, 
   -31.152860968460278 39.495087647512, -31.15252298877637 39.49646075751154, 
   -31.152810357292914 39.49801499004623, -31.15301409980067 39.49965348468121, 
   -31.15500067582952 39.50017155881072, -31.156033828882407 39.50046274954361, 
   -31.15576443365431 39.5013324141954, -31.156028209021272 39.50273760425605, 
   -31.156385536793934 39.50373884207643, -31.158170804220997 39.5046185612296, 
   -31.15957092626954 39.50555071790759, -31.160748751078888 39.50556936282386, 
   -31.161139453110803 39.5042601318414, -31.161637123146942 39.503056202472216, 
   -31.161437888207765 39.5023142570462, -31.16172355353157 39.501872796187754, 
   -31.162294083554873 39.50308911594707, -31.16340823050148 39.5034265705057, 
   -31.164516833789452 39.502953055285936, -31.165142162699077 39.50211601839508, 
   -31.16513693952433 39.501264520475765, -31.163663707422486 39.501011506717624, 
   -31.16529686533946 39.49935699088242, -31.16744626508553 39.49888185176677, 
   -31.169187110628105 39.49937778993464, -31.169647925415283 39.50059685145054, 
   -31.17126272459358 39.50066281329954, -31.171444542318955 39.49896734612355, 
   -31.171651926646696 39.498375968465375, -31.174675606241344 39.49904065688158, 
   -31.174370118642535 39.50024315871001, -31.174447539917008 39.501478703315904, 
   -31.175894276326183 39.50169062115142, -31.17647899895758 39.50131688417111, 
   -31.177085632464095 39.50221836025376, -31.17871198251506 39.50290156439798, 
   -31.17996588783076 39.50209231380483, -31.181033608453024 39.50109093197821, 
   -31.18153748688089 39.49963473938407, -31.182640728276308 39.49933215005407, 
   -31.18349440160395 39.49917881513306, -31.184355147475475 39.499786904811, 
   -31.184284716287554 39.500398464735824, -31.185224774407022 39.50111590347949, 
   -31.186575625459362 39.501857764066195, -31.185915938939143 39.50299170239467, 
   -31.186190423994375 39.504036607165034, -31.18737523116614 39.50482091577333, 
   -31.188742664612064 39.50492782582134, -31.18916208787421 39.50355587609773, 
   -31.189271780359842 39.502494439417646, -31.190189953415402 39.50405841000709, 
   -31.192507157291434 39.50454044930447, -31.193030870100344 39.50548109751218, 
   -31.192788987719716 39.50740991897021, -31.192878339126707 39.509235773515606, 
   -31.194194586246784 39.51025630906612, -31.195542245352776 39.50902489131194, 
   -31.196759730081475 39.50855275813092, -31.199083644549283 39.5087824995385, 
   -31.20173355570088 39.51083269572162, -31.199668523201808 39.512201735445416, 
   -31.200538777953422 39.514368532394236, -31.202981398693566 39.515501005509996, 
   -31.204687660378806 39.516716656787544, -31.204903440500377 39.51824713463757, 
   -31.20555975821641 39.5196672886519, -31.203566921617877 39.52056900491032, 
   -31.20492521674441 39.52307666967039, -31.20460976282623 39.5253872879214, 
   -31.20417867396071 39.52797992263443, -31.203108678075175 39.529855416776954, 
   -31.206620929666986 39.52948621714953, -31.20718494571545 39.5274046717627, 
   -31.207062744920755 39.52506026622566, -31.21100247854966 39.52519305975126, 
   -31.21428832605342 39.52522107210579, -31.21519199241338 39.52409072197778, 
   -31.212691083070435 39.52285850041468, -31.212547399644073 39.52216704822635))