POLYGON ((-9.230009562568375 38.69436564218561, -9.230009562568375 38.69436564218561, 
   -9.230009562568375 38.69436564218561, -9.228245839194472 38.69672568681048, 
   -9.225988486949959 38.69608572638406, -9.22537170882479 38.69742066469988, 
   -9.226615848403558 38.698112169661336, -9.2261075584287 38.70274522145876, 
   -9.22297954380496 38.70590535781985, -9.221315662017343 38.707007958010166, 
   -9.222113648465445 38.71133661115778, -9.22106239226029 38.71556513092204, 
   -9.217496063182562 38.718586259816064, -9.211177696990688 38.722378282531636, 
   -9.215147403391121 38.72689495330967, -9.222880845837338 38.73280119291404, 
   -9.22700174462366 38.7346857323174, -9.234203008833699 38.73463998657004, 
   -9.233572062828578 38.73532163604446, -9.23495542622485 38.734823217716354, 
   -9.239551309880014 38.73658019357206, -9.242121436068356 38.73604771165192, 
   -9.243425759321623 38.73558089799692, -9.244578050477825 38.73703389017725, 
   -9.246515553740592 38.736565715738955, -9.249320895719201 38.73544681578957, 
   -9.25204739377029 38.73432351254675, -9.255010742335408 38.733199629206254, 
   -9.25532959742706 38.733789202883976, -9.254743371611617 38.735867689659145, 
   -9.256523423334936 38.73573763286316, -9.257347006829608 38.73369015605566, 
   -9.257775172775633 38.73167508644439, -9.260238046584396 38.73436864922677, 
   -9.259811158507214 38.73672166444487, -9.262072205065476 38.73823509629055, 
   -9.262862135436228 38.737832300271194, -9.265478930604326 38.73916012469599, 
   -9.265087976115693 38.740494749196465, -9.265173148081068 38.74213469205075, 
   -9.264147799263707 38.74306522207447, -9.263996200208371 38.74486340516033, 
   -9.261077239308655 38.747505891603595, -9.265665387759826 38.746783627867465, 
   -9.269428919769187 38.74779784504069, -9.27141137586212 38.74881608967659, 
   -9.276158442968518 38.7482777855206, -9.280798538471256 38.750744954787216, 
   -9.284523538645933 38.75191197646466, -9.286423366317647 38.75197041872184, 
   -9.28537386511297 38.74680025801425, -9.286561285481657 38.74688747043362, 
   -9.287202621886081 38.748900016490374, -9.287954218430512 38.748808050239646, 
   -9.287948354308075 38.7473481656947, -9.29324947782554 38.7468393425537, 
   -9.293999381726863 38.74634181413234, -9.294951004400719 38.746803520644704, 
   -9.30172051213511 38.747281888601684, -9.302875503173743 38.749049704602655, 
   -9.303716161711028 38.751309464163924, -9.30628804325462 38.75117658946947, 
   -9.308381214198597 38.75011671548476, -9.307108659869316 38.74872775551143, 
   -9.30682882468103 38.748043599775166, -9.308361482858736 38.74552980261899, 
   -9.308232431951767 38.74311500085173, -9.309565964642188 38.74032234724121, 
   -9.310152283021207 38.738707693238396, -9.310858272098582 38.737250423096825, 
   -9.310732765480555 38.73566919709772, -9.312149887882809 38.73396220331887, 
   -9.314044780890338 38.73299737819423, -9.314991390398136 38.73224685703015, 
   -9.315859516376955 38.731721833764674, -9.31760103701844 38.73187031527241, 
   -9.318908554945585 38.73233086057683, -9.318742371492268 38.7305334712104, 
   -9.318497243506988 38.72876783724528, -9.318055418499872 38.72731364281692, 
   -9.316154593533906 38.726886234455435, -9.317101438199892 38.7262934005763, 
   -9.315550407655152 38.72446821138542, -9.314903457287315 38.721306829287535, 
   -9.315014156161196 38.719418567370965, -9.316280379149173 38.719536807763774, 
   -9.314019339867393 38.71815058490072, -9.314094753314757 38.717312288266506, 
   -9.316905742386608 38.717800350202566, -9.318203189123672 38.71596743816734, 
   -9.317872663476443 38.71284125350569, -9.323768047306432 38.712491642403066, 
   -9.32353675966491 38.7094237739605, -9.321838898211046 38.70919415333773, 
   -9.319173828430213 38.70677728998276, -9.322822939563746 38.70550562329877, 
   -9.323162095775524 38.7035626472917, -9.319272013275548 38.69951802857469, 
   -9.330314218630663 38.69774808363982, -9.32946153766426 38.692127128146474, 
   -9.329668952473392 38.68987359304022, -9.328236435242882 38.69052647234711, 
   -9.327964664003325 38.68813910642461, -9.326137424172716 38.68811267503398, 
   -9.324441259523912 38.68814893418847, -9.324673937988644 38.68191211418291, 
   -9.324976447329378 38.681433647668506, -9.324366861635799 38.68130016263103, 
   -9.325389709598875 38.67669228047403, -9.326651827983063 38.676859987020975, 
   -9.32729118434938 38.6739924387052, -9.325765223392379 38.673145080885526, 
   -9.323892136543384 38.672505936886296, -9.323067885308546 38.6729497962457, 
   -9.323552674245274 38.67434528987631, -9.322208255856447 38.67520061906898, 
   -9.319727790857822 38.67483343516788, -9.317813994757826 38.674735015082064, 
   -9.316340144200877 38.67582944196943, -9.316128050131056 38.677024082562355, 
   -9.316958253307352 38.67790950049091, -9.31600342282192 38.67842125229995, 
   -9.31579088018717 38.67951676293496, -9.31423218331619 38.68112055950803, 
   -9.313850318858908 38.683270903699075, -9.310681045145781 38.684608608665556, 
   -9.304462030696548 38.68479618853074, -9.302944864923154 38.68602573532783, 
   -9.30151189547719 38.68661070052012, -9.298478326528546 38.68930850824842, 
   -9.295915604549878 38.6901711428469, -9.294652619375308 38.68983188300373, 
   -9.292786101892089 38.69075577551397, -9.292963359883545 38.69157540622006, 
   -9.290489489901624 38.692942360363205, -9.291190639032722 38.69420226940206, 
   -9.289062464110646 38.69506367062767, -9.288412350800078 38.6956780784157, 
   -9.286629705537852 38.69588522689805, -9.286110278779011 38.69656688996305, 
   -9.282240468798218 38.69705391936633, -9.282026278157383 38.69787451003611, 
   -9.280592091117667 38.69825194980804, -9.27850366662162 38.69812176522577, 
   -9.276673408719466 38.697373624388895, -9.27658474325525 38.696932255802835, 
   -9.275714342807122 38.69683067546356, -9.275672694060239 38.69730839920584, 
   -9.274151003176941 38.697550789259175, -9.274021724646387 38.69785749353782, 
   -9.271758384920545 38.697556373939626, -9.270366868944233 38.697730823658254, 
   -9.268890675011539 38.69851825411337, -9.267019426825394 38.698319776326194, 
   -9.266191486838542 38.69794316818465, -9.265106835002838 38.69869811767386, 
   -9.263499235657786 38.699246965131614, -9.26171582210455 38.69938614712474, 
   -9.259278924482288 38.69918881008888, -9.25671378017323 38.699604506424166, 
   -9.253189181276452 38.699337330804674, -9.251490329441273 38.69879578258531, 
   -9.25118451161464 38.69838640277359, -9.249619950671432 38.6988358372781, 
   -9.246270522130557 38.69891052755025, -9.241874122216194 38.698203264992806, 
   -9.238388939934834 38.696673908367316, -9.236078717027235 38.695281764340216, 
   -9.23441981160135 38.693478232899274, -9.23355084428618 38.69378637324819, 
   -9.234381565875461 38.69508241237635, -9.23299054551663 38.69542313499573, 
   -9.23233885440152 38.69569929183655, -9.23090170851206 38.69522451224451, 
   -9.230009562568375 38.69436564218561))





