POLYGON ((-9.188430345573554 38.744737045908664, -9.188430345573554 38.744737045908664, 
   -9.188430345573554 38.744737045908664, -9.186530751076443 38.744803174639564, 
   -9.184715286991686 38.74458526972452, -9.183068349794056 38.74361008635979, 
   -9.18113886935433 38.74308139912619, -9.17940673711305 38.742083766463175, 
   -9.177816383545093 38.741108421724526, -9.175998860298716 38.740002727000544, 
   -9.174408873144165 38.739139981825474, -9.17307491229497 38.73856521220044, 
   -9.171739105999972 38.73721091323482, -9.170431502504819 38.73590161632403, 
   -9.169494525431965 38.73530369664374, -9.168726326596719 38.73415130269797, 
   -9.16863803065185 38.73268701890502, -9.169173005849808 38.731154246214246, 
   -9.167894215429351 38.72995301894103, -9.167977871734621 38.72929053389213, 
   -9.168995570092033 38.72802291378068, -9.169049816038326 38.72709011714248, 
   -9.168225841098243 38.726181116702705, -9.167825563268936 38.72473530230815, 
   -9.16785199131007 38.724045863566715, -9.168105575357753 38.72333807479901, 
   -9.167253718283835 38.72262736608371, -9.167250819491864 38.72138374473592, 
   -9.171072947701647 38.71946771723567, -9.172261972513637 38.7188216290027, 
   -9.171580862339708 38.71855678288504, -9.171946444771832 38.71735767846242, 
   -9.172482126241391 38.71604567451716, -9.173839541691622 38.714754978486376, 
   -9.173835405574406 38.71304725028235, -9.171420559399277 38.710739290294136, 
   -9.173394525620692 38.70656391685457, -9.17455730054342 38.70689562351596, 
   -9.17433627989765 38.70927056247117, -9.175699357096756 38.71035894968881, 
   -9.177647513898899 38.70733254785494, -9.178352802670418 38.705934644994144, 
   -9.18135597414866 38.70564164816877, -9.184558495112071 38.70559157842575, 
   -9.186712569011915 38.705655747296355, -9.189320899261316 38.706115661165235, 
   -9.189467668314958 38.70793580698257, -9.191283348211707 38.70871237137369, 
   -9.191570007124323 38.70986541196845, -9.190719969983368 38.71000197844539, 
   -9.191146992676735 38.71068617753711, -9.192765064436486 38.71159371233182, 
   -9.193452299438361 38.714260067228665, -9.192947321642363 38.71614887091894, 
   -9.193679826979444 38.71452553830753, -9.195011569826146 38.714388147968016, 
   -9.195061125245184 38.71172508144562, -9.194831131068897 38.710549425949345, 
   -9.194207281462353 38.71046034582326, -9.194290063016794 38.709572546544074, 
   -9.197094611076844 38.709036156985334, -9.197183332760137 38.71045536505172, 
   -9.196703899146284 38.711258222128514, -9.19857590838723 38.71180928313579, 
   -9.200589369396615 38.712161812131654, -9.202146601548408 38.71157786983761, 
   -9.203251165781191 38.71133263668134, -9.203340320584037 38.71273381506629, 
   -9.204334267077826 38.71339895469461, -9.204704403284909 38.713997591154275, 
   -9.205781039123714 38.713905583446824, -9.206690130084953 38.714548322720745, 
   -9.20665865899342 38.713480481608265, -9.207904464729786 38.71309977802245, 
   -9.20901088766691 38.713368159123554, -9.20965969766203 38.71238921853185, 
   -9.211595226089816 38.711398941024, -9.213690517821894 38.71241796866245, 
   -9.21443774519572 38.70999693502115, -9.215457138676786 38.706904015666176, 
   -9.216543716405287 38.703355865498885, -9.21979829385332 38.70227288293526, 
   -9.223633755174179 38.70068403917341, -9.225621867280935 38.70046393686452, 
   -9.227442127528374 38.70137510880971, -9.226835761699027 38.70476021791819, 
   -9.224270797462339 38.70696854983544, -9.223451595043176 38.70820473401163, 
   -9.223699139724884 38.71059689140727, -9.222612197109303 38.71406399804208, 
   -9.2213851375117 38.71654006218233, -9.219402476692217 38.71869310880703, 
   -9.216525594613032 38.71998715600178, -9.212792292897447 38.72187747114746, 
   -9.212489340525575 38.723729941381166, -9.212701502372221 38.725932933211084, 
   -9.212365778479471 38.728380237924476, -9.212843618478953 38.72754578076369, 
   -9.214149857597713 38.72843105422714, -9.212817152419172 38.73025836962761, 
   -9.213542443262588 38.731870152089954, -9.21282783449742 38.73385854758314, 
   -9.208919666561467 38.73475325483212, -9.207618593638141 38.735670265701756, 
   -9.205123073570872 38.73873866635392, -9.20118295659314 38.740678533296965, 
   -9.19888848446553 38.742106315236576, -9.197211799106398 38.74383039878841, 
   -9.196287175733616 38.7444492592862, -9.191586669743838 38.7445111279268, 
   -9.188465214776084 38.74473248382671, -9.188430693329575 38.744732539477326, 
   -9.188430345573554 38.744737045908664))